     1.    0.000000E+00    -9.599594E+01
     2.    8.637512E+00    -9.223637E+01
     3.    1.727499E+01    -8.501612E+01
     4.    2.591251E+01    -7.836279E+01
     5.    3.454999E+01    -7.221851E+01
     6.    4.318750E+01    -6.653262E+01
     7.    5.182501E+01    -6.126058E+01
     8.    6.046249E+01    -5.636314E+01
     9.    6.894540E+01    -5.138630E+01
    10.    6.910001E+01    -5.138630E+01
    11.    7.728708E+01    -4.589655E+01
    12.    8.562872E+01    -4.033388E+01
    13.    9.397040E+01    -3.512105E+01
    14.    1.023121E+02    -3.022932E+01
    15.    1.106537E+02    -2.563282E+01
    16.    1.189954E+02    -2.130825E+01
    17.    1.273371E+02    -1.723456E+01
    18.    1.356787E+02    -1.339268E+01
    19.    1.440204E+02    -9.765322E+00
    20.    1.523621E+02    -6.336783E+00
    21.    1.607037E+02    -3.092761E+00
    22.    1.690454E+02    -1.515173E+00