     1.    0.000000E+00    1.858808E+02
     2.    8.637512E+00    1.762932E+02
     3.    1.727499E+01    1.690928E+02
     4.    2.591251E+01    1.624569E+02
     5.    3.454999E+01    1.563279E+02
     6.    4.318750E+01    1.506556E+02
     7.    5.182501E+01    1.453956E+02
     8.    6.046249E+01    1.405089E+02
     9.    6.894540E+01    1.781268E+02
    10.    6.910001E+01    1.779900E+02
    11.    7.728708E+01    2.138679E+02
    12.    8.562872E+01    2.083151E+02
    13.    9.397040E+01    2.031113E+02
    14.    1.023121E+02    1.982276E+02
    15.    1.106537E+02    1.936384E+02
    16.    1.189954E+02    1.893205E+02
    17.    1.273371E+02    1.852528E+02
    18.    1.356787E+02    1.814165E+02
    19.    1.440204E+02    1.777943E+02
    20.    1.523621E+02    1.743706E+02
    21.    1.607037E+02    1.711310E+02
    22.    1.690454E+02    1.674217E+02